-9223371772365035234 6 -112
-9223371480031525360 -110 -109
-9223371133351866778 4 -149
-9223370883210407182 145 38
-9223370499734671223 104 55
-9223370430629937370 -34 -113
-9223370253772647361 54 -84
-9223369183726591788 83 -36
-9223369132059660663 96 9
-9223369128972666522 -110 84
-9223369022921372633 133 66
-9223368784421378462 101 30
-9223366866313799319 -7 -152
-9223366458040350004 50 -119
-9223366331939461134 58 -84
-9223366227856412510 -85 -102
-9223365416456122360 -106 -64
-9223364766103890148 62 -155
-9223364630059982445 112 79
-9223364373116791596 -51 -66
-9223363930749097857 88 -13
-9223362880362178765 -87 -1
-9223362876494132022 112 -123
-9223362267873810625 102 82
-9223361514319727697 133 -61
-9223360947297238490 -117 81
-9223360734473383957 -97 12
-9223360694446832161 -101 124
-9223360581856654418 -141 -58
-9223360288788804880 79 -34
-9223360131427682074 107 53
-9223359695617856866 14 -118
-9223358402896271662 -154 -48
-9223358344310330174 90 -127
-9223358227630707896 -53 -90
-9223357593559996745 121 -35
-9223357298146128466 -34 80
-9223357296326868727 -141 28
-9223357227956238792 62 98
-9223356937047817566 125 -6
-9223356752591811001 76 -104
-9223355638514027643 -144 -21
-9223355095537956241 -32 -122
-9223354929513855972 -122 -33
-9223354815167852473 -31 110
-9223354524556834636 -101 2
-9223354511918325455 52 152
-9223354499989294381 -143 13
-9223354453353688276 36 81
-9223354371415525500 -64 102
-9223353649492268044 -69 -104
-9223352594370230108 69 113
-9223352368173271374 5 89
-9223352156443616511 82 -14
-9223351847306119184 46 162
-9223351608758679459 -19 -126
-9223351538253070226 -144 -33
-9223351219252454993 -97 -104
-9223350895575477664 -140 3
-9223350731046649974 -92 119
-9223349910331897871 132 39
-9223348439740478084 126 -47
-9223347228059865917 65 -134
-9223345753525582542 -66 -97
-9223344832018029150 119 -36
-9223344235534990572 -80 79
-9223344147706711827 -19 -157
-9223343997916406505 -35 90
-9223343949503930573 -81 53
-9223343189734067172 -86 -111
-9223343036195844818 -113 -69
-9223342832045963548 -155 3
-9223342522017015661 -44 -120
-9223342455163589044 83 -63
-9223342323261003601 -56 -105
-9223342223414490270 91 -122
-9223342155360621950 -87 -96
-9223341374324890510 6 -97
-9223341305796901708 6 112
-9223341068270214140 79 135
-9223340002223880737 86 -38
-9223339498626961389 41 -145
-9223338659270033748 -73 62
-9223338574442377876 15 145
-9223338520782824814 79 36
-9223337272421524483 37 112
-9223337164983778433 87 128
-9223336512149634271 144 -43
-9223336320003782395 112 62
-9223335980335240252 -3 -113
-9223335956733486911 -122 30
-9223335935805718226 52 110
-9223335707075064515 -130 36
-9223334993293798073 -65 -137
-9223333965757663393 -13 -171
-9223333187180813738 91 134
-9223332337027820647 -119 -12
-9223332285900132875 135 104
-9223332114289123026 98 -18
-9223331785350738558 129 -55